# GIMP colorrc
# 
# This file holds a list of recently used colors.

(color-history
    (color-rgba 0.48627451062202454 0 0.10980392247438431 1)
    (color-rgba 1 0.80392158031463623 0.20000000298023224 1)
    (color-rgba 0.96521604061126709 0.80091798305511475 0.46670866012573242 1)
    (color-rgba 0.61240166425704956 0.4322546124458313 0.18992125988006592 1)
    (color-rgba 0.85071289539337158 0.62378787994384766 0.2105315625667572 1)
    (color-rgba 0.64102977514266968 0.5165475606918335 0.47436213493347168 1)
    (color-rgba 0.8949924111366272 0.85493600368499756 0.57821017503738403 1)
    (color-rgba 0.73376935720443726 0.49413424730300903 0.17529615759849548 1)
    (color-rgba 0.96734285354614258 0.79289489984512329 0.42940694093704224 1)
    (color-rgba 0.60905009508132935 0.56754237413406372 0.42472782731056213 1)
    (color-rgba 0.55686289072036743 0.10196097940206528 0.0039215679280459881 1)
    (color-rgba 0.90902316570281982 0.75301152467727661 0.45386421680450439 1)
    (color-rgba 0.55537301301956177 0.43203333020210266 0.17912676930427551 1)
    (color-rgba 0.59190869331359863 0.48386329412460327 0.20180809497833252 1)
    (color-rgba 0.08411214953271029 0.047032707815910339 0.017499843191369258 1)
    (color-rgba 0.75501620769500732 0.65482395887374878 0.57502329349517822 1)
    (color-rgba 0.78217113018035889 0.57020634412765503 0.38624271750450134 1)
    (color-rgba 0.77176940441131592 0.76057910919189453 0.75477910041809082 1)
    (color-rgba 0.72271829843521118 0.701926589012146 0.68406587839126587 1)
    (color-rgba 0.27254566550254822 0.071213312447071075 0.058897033333778381 1)
    (color-rgba 0.98039233684539795 0.73333340883255005 0.47058826684951782 1)
    (color-rgba 0.45198595523834229 0.055238336324691772 0.05284147709608078 1)
    (color-rgba 0.36328157782554626 0.16533353924751282 0.1530056893825531 1)
    (color-rgba 1 1 1 1)
    (color-rgba 0.2429906542056075 0.11449544681924721 0.066863200150536303 1)
    (color-rgba 0.94859862327575684 0.29885116219520569 0 1)
    (color-rgba 0 0 0 1)
    (color-rgba 0.46478078153421559 0.48890527644921944 0.53271028037383172 1)
    (color-rgba 0.84680008888244629 0.84680008888244629 0.84680008888244629 1)
    (color-rgba 1 0.7850467289719627 0 1)
    (color-rgba 1 0.89719626168224309 0 1)
    (color-rgba 0.87383177570093462 0.8582109981763304 0.53954713667440257 1)
    (color-rgba 0.0039205537177622318 0.003922583069652319 0.046699509024620056 1)
    (color-rgba 0.92851638793945312 0.93350988626480103 0.92910122871398926 1)
    (color-rgba 1 1 1 6.4238040080890642e-310)
    (color-rgba 0.48627451062202454 0.27450981736183167 0.054901961237192154 1)
    (color-rgba 0.51869158878504673 0.30678440949598645 0.087028790064605149 1)
    (color-rgba 0.12149532710280375 0.088879131333647582 0.048108887913190748 1)
    (color-rgba 0.44392523364485981 0.33269564294491705 0.19365865897258985 1)
    (color-rgba 0.98598130841121501 0.86699316079889732 0.49629931631437002 1)
    (color-rgba 0.25233644859813087 0.17932634883794288 0.088063727027535621 1)
    (color-rgba 0.19626168224299068 0.13245102231512876 0.052687699931004195 1)
    (color-rgba 0.13725490868091583 0.090196080505847931 0.031372547149658203 1)
    (color-rgba 0.81775700934579443 0.80720258227628239 0.79031549896506315 1)
    (color-rgba 0.4719626168224299 0.43419586121712445 0.37376905224863577 1)
    (color-rgba 0.38431373238563538 0.34509804844856262 0.28235295414924622 1)
    (color-rgba 0.38317757009345799 0.34474685224992546 0.28288276986765354 1)
    (color-rgba 0.48598130841121501 0.2727262601991558 0.055447531832152022 1)
    (color-rgba 0.92523364485981308 0.88298500323289564 0.75136423508749928 1)
    (color-rgba 0.95327102803738317 0.81491129907304094 0.38386752806874486 1)
    (color-rgba 0.58878504672897192 0.34411961772693728 0.094837859875807548 1)
    (color-rgba 0.52336448598130847 0.31458331989957222 0.10186288653327483 1)
    (color-rgba 0.43925233644859818 0.27256622746572035 0.082544063225239911 1)
    (color-rgba 0.97663551401869164 0.7549429890714644 0.47193125509628048 1)
    (color-rgba 0.13551401869158874 0.090371012151349905 0.032741642099981171 1)
    (color-rgba 0.93925233644859818 0.93925233644859818 0.69340776516339464 1)
    (color-rgba 0.94117647058823528 0.94117647058823528 0.69411764705882351 1.1857575500189917e-322)
    (color-rgba 0.61960786581039429 0.58039218187332153 0.5058823823928833 1)
    (color-rgba 0.61568629741668701 0.57647061347961426 0.5058823823928833 1)
    (color-rgba 0.56078433990478516 0.51764708757400513 0.45098039507865906 1)
    (color-rgba 0.81568628549575806 0.81568628549575806 0.81568628549575806 1)
    (color-rgba 0.16470588743686676 0.16470588743686676 0.16470588743686676 1))

# end of colorrc
